1 185 306 315 318 397 425 446 736 1225 1793 2029 2306 2709 3250 3886 4696 5130 5747 5979 6158 6464 6617 6873 6927
2 366 445 528 618 778 888 895 921 941 951 1128 1674 1784 1813 1938 1946 1998 2040 2070 2094 2122 2137 2174 2246 2327 2339 2347 2370 2384 2407 2445 2564 2738 2739 2786 2912 2918 3066 3071 3194 3215 3227 3332 3544 3944 3970 4052 4118 4224 4302
2 4415 4502 4546 4651 4670 4678 4814 4829 4990 5166 5225 5247 5314 5339 5484 5699 6086 6181 6327 6376 6407 6417 6444 6871 6917 6927
3 166 1798 4397 5626 5708 6927
4 179 211 214 256 264 282 284 290 310 417 466 955 1208 1377 1794 1877 2645 2733 2758 2808 3280 3312 3473 3541 3693 4073 4108 4274 4499 4908 4932 5370 5629 6428 6870 6906 6927
5 167 249 475 494 658 1173 1851 1882 2236 3392 3790 4292 4757 4934 5472 5477 5490 5513 5859 6202 6891 6927
6 10 21 80 257 282 374 405 436 458 712 926 1240 1625 1640 1906 2033 2206 2606 2645 2753 2853 3031 3224 3274 3559 4246 4476 4487 4539 4846 4947 4977 5696 5871 5907 6232 6241 6414 6598 6927
7 1035 2382 6927
8 31 41 69 78 164 270 281 283 295 303 334 407 450 466 491 652 1258 2534 3222 3752 4220 4340 4579 5288 5563 5673 6141 6553 6628 6865 6882 6913 6927
9 162 212 478 661 2558 5180 5566 5762 6238 6927
10 17 21 26 44 78 86 114 127 139 141 147 164 176 177 179 182 214 228 249 253 260 264 273 282 286 322 323 333 338 352 374 384 385 390 436 453 455 458 465 466 471 475 494 500 541 545 558 571 598 675 681 750 817 820 904 922 959 972 1073 1108 1115
10 1162 1184 1203 1239 1240 1336 1349 1382 1577 1587 1624 1640 1671 1780 1795 1876 1932 1937 1990 1993 2032 2041 2073 2088 2099 2103 2119 2146 2176 2218 2220 2231 2280 2378 2458 2610 2669 2709 2745 2751 2853 2857 3022 3180 3184 3188 3213 3214
10 3221 3226 3236 3237 3243 3250 3292 3340 3447 3476 3509 3518 3534 3649 3861 3874 3886 3945 3969 3997 4036 4062 4074 4087 4104 4120 4162 4205 4246 4274 4326 4328 4330 4358 4366 4378 4425 4486 4487 4536 4541 4631 4640 4650 4653 4706 4762 4779
10 4784 4791 4806 4841 4947 4950 4978 5006 5021 5058 5074 5129 5192 5203 5210 5212 5243 5250 5280 5358 5417 5540 5544 5547 5562 5574 5768 5819 5892 5907 5953 5954 5978 5983 6006 6070 6073 6092 6127 6169 6363 6364 6382 6393 6411 6556 6557 6598
10 6663 6744 6809 6810 6818 6873 6918 6923 6927
11 84 146 326 347 381 415 419 420 591 760 777 849 887 891 1029 1175 1332 1893 2100 2340 2406 2841 2909 2923 3080 3323 3751 3925 4556 4855 4884 5184 5232 5257 6176 6250 6699 6927
12 434 6927
13 76 375 700 1178 2743 2932 4630 5161 6927
14 6927
15 16 58 212 350 445 961 1779 2403 3297 3441 3971 4894 5684 5733 6927
16 58 226 587 961 1041 1779 2138 2403 3297 3441 3971 4894 5128 5171 5648 5733 6927
17 157 249 250 338 350 405 545 548 663 739 976 1397 1427 1692 1711 1781 1927 1936 1988 2177 2485 2589 2668 2701 2872 3484 4164 4478 4607 4674 4766 4916 5421 5422 5514 5574 5789 5978 5987 6036 6096 6298 6304 6310 6323 6388 6557 6563 6607 6857
17 6927
18 228 381 388 644 707 1234 1539 2071 2210 2297 2328 2427 3149 3266 4617 5003 5131 5135 5147 5242 5542 6115 6272 6466 6528 6551 6927
19 2713 3685 4576 5928 6638 6927
20 80 107 338 546 571 657 949 1012 1140 1189 1694 1727 1778 1782 1840 1964 1991 2250 2559 2588 2910 2915 2922 2980 2997 3599 4027 4193 4465 4539 4573 5045 5160 5165 5514 5597 5753 5770 5862 6185 6262 6563 6763 6884 6927
21 62 78 107 139 158 164 257 286 298 316 323 339 346 359 374 411 412 426 427 434 436 453 458 496 533 696 876 1310 1574 1882 2116 2176 2219 2274 2292 2482 2553 2645 2764 2820 3002 3022 3029 3171 3218 3351 3443 3542 3577 3639 3734 3770 3921 3968
21 3981 3982 4281 4419 4568 4635 4672 4719 4947 4951 5187 5212 5316 5557 5644 5663 5750 5866 5890 5932 5983 5991 6006 6041 6232 6504 6598 6927
22 361 765 1139 1424 1763 2074 2188 2372 2797 3491 3853 4088 4431 4432 4458 4467 4667 4708 4725 4727 4954 4993 5009 5035 5039 5534 5683 6039 6927
23 154 349 409 2210 2973 3457 4226 4228 5659 5811 6789 6927
24 105 352 359 385 395 458 464 820 993 1245 1673 2222 2712 4080 4627 4632 4764 4781 4846 6697 6927
25 247 6927
26 554 555 556 629 694 746 925 1121 1688 1853 1865 2080 2410 2606 3304 3475 3881 4074 4103 4258 4438 4925 5211 5401 5561 5610 5751 6927
27 76 108 208 352 358 410 445 483 490 1231 1898 2574 2662 2907 3116 3396 3410 3433 3955 5883 6229 6694 6927
28 151 179 207 256 271 298 417 461 793 1837 2166 2198 2719 2781 2795 3388 3660 4059 4221 4932 5092 5801 6128 6157 6300 6425 6515 6836 6927
29 51 357 452 495 1239 1632 1791 2544 3337 3362 3593 3694 3702 3707 3708 3793 3915 4376 4698 4831 5502 5547 5778 6771 6927
30 32 133 731 3535 4388 6207 6927
31 69 186 281 283 567 1573 2643 3752 4041 4249 4579 4989 5673 5766 6442 6882 6927
32 133 6927
33 692 4192 6536 6927
34 38 106 209 273 288 385 945 1142 1152 2262 2649 2919 3262 3478 3510 3686 3722 4204 4343 4709 5231 5284 5569 6539 6859 6927
35 131 138 214 2220 3285 4346 5716 5775 6485 6927
36 162 205 215 428 475 4080 4354 6522 6927
37 273 397 404 826 1014 1349 1793 2704 3948 4244 5192 5406 6406 6810 6927
38 186 209 417 461 493 535 795 1378 2029 2036 2198 2417 2429 2606 2848 3011 3081 3368 3508 3526 3547 3594 3934 4304 4322 4533 4681 4865 5308 5326 5405 5436 5675 5844 6288 6927
39 52 410 2108 2358 3655 4194 4555 4590 6927
40 128 559 886 1154 3410 4099 4643 4930 5449 6642 6927
41 69 334 601 645 2595 2677 2741 3129 4349 4584 5598 6319 6622 6769 6927
42 51 56 234 247 351 364 666 710 1077 1078 1081 1342 1403 2480 3000 3034 3389 3776 4096 4883 4920 4999 5409 5457 5745 5945 6195 6226 6587 6702 6927
43 94 799 1116 1185 1428 1697 2151 2189 2603 2804 3007 3078 4608 4657 4753 5340 5469 5735 5922 6209 6341 6420 6564 6777 6927
44 67 78 82 97 164 175 186 198 200 210 228 230 253 260 288 305 306 310 323 341 378 380 394 397 399 426 436 445 458 466 494 498 500 584 697 796 800 975 1120 1203 1211 1426 1527 1571 1577 1676 1877 1937 1969 2048 2093 2099 2197 2231 2277 2460 2506
44 2556 2593 2634 2720 2840 2958 3079 3234 3340 3379 3686 4083 4090 4468 4488 4693 4713 4744 4987 5051 5074 5151 5155 5307 5334 5494 5561 5646 5662 5783 5829 5893 6004 6035 6129 6222 6241 6333 6532 6597 6633 6691 6758 6856 6927
45 64 349 849 919 1554 6927
46 80 122 126 200 201 286 426 438 466 475 2044 2634 2654 2733 2904 3005 3035 3500 3909 4460 4871 6375 6556 6927
47 417 521 910 1582 1882 4908 5273 5642 6693 6927
48 77 138 210 1057 1646 2139 2253 2730 2800 3373 4180 4393 4560 4892 5271 5734 6199 6927
49 323 376 2102 2930 3496 6910 6927
50 329 495 833 1233 1822 4000 5174 6131 6927
51 55 302 452 495 518 621 880 1191 1224 1239 1344 1345 1419 1570 1609 1632 1645 1723 1742 2015 2179 2184 2257 2604 2826 3138 3653 3836 3879 3990 4016 4624 5028 5097 5130 5286 5595 5652 5824 6464 6592 6927
52 314 317 333 410 490 1344 2108 2358 2666 3130 3717 3718 3926 4405 5656 6170 6224 6530 6895 6927
53 178 385 467 943 1117 1157 2022 2263 2640 2742 3523 3872 4151 4844 5445 6007 6234 6297 6344 6436 6927
54 78 140 164 200 374 606 619 650 1266 2709 2938 3625 4336 4755 5535 5623 6470 6543 6801 6927
55 186 315 426 434 474 3164 6927
56 351 1256 6927
57 392 468 2107 6914 6927
58 114 127 139 163 164 170 176 186 226 280 286 323 374 380 399 434 436 961 1071 1544 1923 2572 4298 4894 5168 5245 5521 5717 6927
59 6927
60 336 357 487 525 526 636 637 667 670 1260 1309 1963 2155 2337 2375 2634 2733 2827 2833 2955 3106 3512 3556 3696 4101 4957 5289 5749 6109 6449 6477 6927
61 62 63 166 305 470 582 1724 2110 2231 3316 3542 6080 6135 6606 6927
62 97 107 112 135 139 333 339 370 427 481 500 769 813 913 929 1000 1069 1109 1264 1301 1316 1331 1468 1531 1747 1752 1762 2127 2371 2438 2660 2838 2863 2889 2962 3134 3184 3218 3249 3371 3468 3503 3826 4019 4138 4150 4188 4274 4516 4533 4543
62 4714 4738 4914 4922 5259 5398 5513 5518 5637 5762 5809 6000 6083 6091 6118 6128 6215 6238 6313 6503 6552 6691 6927
63 305 352 370 373 500 929 1586 1985 2301 2718 3037 3357 4201 5256 5390 6606 6630 6851 6927
64 349 849 919 1554 1605 2011 2106 3293 3428 6210 6927
65 151 1614 1654 6117 6317 6927
66 209 379 3335 5895 6927
67 210 341 584 1451 2376 2572 2683 3009 3064 3601 3808 5820 6927
68 375 709 3286 5736 6623 6927
69 78 157 163 164 186 196 202 210 226 266 267 274 281 303 334 348 380 406 407 450 497 500 652 762 906 932 1213 1290 1573 1997 1999 2204 2214 2333 2343 2460 2583 2696 2741 2766 2821 2881 2885 2917 3074 3122 3135 3164 3222 3268 3270 3536 3752 4220
69 4222 4340 4468 4499 4508 4579 4584 4586 4875 4877 5001 5049 5168 5288 5315 5341 5474 5475 5584 5598 5901 6141 6316 6319 6442 6578 6653 6769 6807 6858 6913 6927
70 80 97 213 230 619 953 1396 2529 2780 2838 3430 3431 3701 3703 3892 4072 4191 4774 4775 4971 5531 5714 6053 6094 6108 6797 6927
71 127 163 176 194 226 272 274 336 380 399 422 438 494 526 868 899 1173 1732 1826 1937 1986 2062 2659 2984 3269 3317 3648 3752 3815 3895 3897 3949 3958 4116 4652 4847 5334 5417 5767 6462 6518 6862 6875 6927
72 157 303 407 4874 6927
73 333 985 1446 2486 2772 2945 2986 3841 4347 4480 5016 5228 5593 5719 6326 6720 6759 6822 6927
74 78 164 186 196 932 1202 1266 1350 1481 1508 1780 1903 2379 2542 2555 2710 2775 2893 3847 4447 4625 5080 5124 5638 6122 6212 6612 6622 6643 6803 6927
75 257 322 458 6927
76 95 173 322 361 401 445 676 700 737 749 802 978 1007 1031 1141 1178 1201 1498 1598 1744 1895 1905 2015 2222 2456 2661 2737 2743 2757 2817 3143 3294 3311 3598 3784 3901 3929 4034 4081 4289 4293 4384 4391 4506 4838 5035 5309 5384 5500 5519 5614
76 5681 5704 5736 5888 6156 6214 6372 6438 6458 6675 6831 6927
77 420 608 844 881 1044 1057 1267 1393 1443 1444 1461 1480 1504 1728 1774 1788 2505 2535 2579 2584 2744 2769 2770 2883 2897 2951 3098 3105 3472 3600 3603 3715 3767 3794 3809 3810 3816 4026 4288 4290 4493 4707 4929 4967 4999 5042 5167 5209 5267
77 5331 5478 5590 5603 5734 5737 5743 5906 5948 6469 6475 6491 6721 6740 6802 6872 6927
78 125 133 139 147 157 164 176 212 249 333 334 358 390 436 458 465 471 475 476 481 494 496 498 501 562 1011 1019 1316 1524 1527 1529 1538 1577 1648 1751 1787 1980 2206 2309 2312 2385 2467 2554 2558 2642 2809 2898 2986 3126 3382 3488 3632 3723
78 3933 3956 4067 4089 4309 4404 4445 4609 4611 4733 4848 5088 5095 5227 5342 5410 5482 5544 5558 5583 5627 5660 5694 5756 5760 5894 5944 5978 6071 6107 6522 6755 6770 6927
79 130 146 219 234 351 429 797 1210 1237 1238 1768 1834 1902 2365 2425 2937 2938 2941 3800 3819 3858 4641 5037 6325 6452 6625 6678 6719 6821 6868 6927
80 96 164 185 186 197 200 211 257 286 323 374 407 458 466 471 571 678 786 953 1045 1334 1569 1729 1920 1991 2147 2159 2312 2681 2735 2854 3126 3393 3496 3542 3735 4035 4205 4539 4793 5074 5229 5363 5402 5531 5584 5644 5714 5968 6375 6579 6843
80 6927
81 86 3126 6927
82 122 303 306 315 448 455 475 500 628 811 827 830 935 1608 1766 1845 1977 2088 2346 2639 2920 3038 3434 4237 4268 4897 5553 5570 5714 6346 6468 6850 6927
83 532 5029 6927
84 117 261 381 777 849 962 1175 1325 1900 1994 2664 2744 2765 3302 3364 3554 3633 4008 4149 4884 4999 5152 5232 5244 5257 5298 5322 5344 5585 6359 6441 6927
85 322 517 647 1491 2114 2217 2295 2417 2623 3103 3579 3744 4170 4421 4437 4560 4612 5346 5623 5632 5918 6897 6927
86 99 305 319 346 374 376 428 442 498 500 515 519 686 798 938 1020 1021 1089 1114 1182 1220 1229 1247 1275 1319 1352 1357 1359 1418 1420 1429 1430 1472 1541 1545 1581 1633 1636 1707 1720 1721 1724 1735 1775 1804 1965 1968 2237 2260 2282 2283
86 2377 2411 2525 2551 2624 2680 2714 2715 2732 2780 2868 3025 3111 3126 3168 3281 3322 3374 3418 3512 3515 3525 3616 3855 3859 3861 3885 3924 4001 4032 4041 4086 4160 4263 4306 4469 4514 4528 4529 4578 4636 4665 4741 4914 4941 4943 4950 5020
86 5068 5077 5115 5190 5224 5266 5329 5388 5418 5556 5674 5714 5900 5930 5959 5982 5997 6097 6169 6171 6178 6309 6322 6361 6418 6434 6449 6459 6537 6575 6669 6742 6767 6782 6852 6867 6885 6886 6910 6927
87 89 174 175 333 939 968 1118 1136 1298 1602 1635 1857 1881 2500 2706 2942 2972 3142 3381 3413 3595 3923 4217 4583 4700 4724 4867 4935 4969 4988 5002 5321 5447 5524 5592 5643 5669 5717 5758 6437 6610 6641 6927
88 186 1494 3352 5078 5500 6927
89 174 175 2037 2185 3477 5995 6927
90 168 257 367 488 964 1627 1628 2154 2913 2952 3241 3326 3453 3848 4356 5219 5349 5375 5568 5604 6241 6927
91 257 286 558 887 1484 1592 2113 2120 2287 2322 3253 3476 3931 4140 4492 5010 5607 5672 6241 6927
92 142 179 366 1621 2338 6240 6927
93 234 654 3352 3832 5163 5529 5647 6085 6927
94 351 576 1734 1756 2243 2441 2540 2896 2977 3715 4235 4676 4931 5330 6084 6187 6902 6927
95 199 278 291 375 401 775 802 1031 1107 1421 2655 2661 2743 3620 3784 4883 5133 5248 5445 5995 6292 6505 6927
96 186 375 463 785 991 1244 1859 1860 2058 2441 2761 2831 3080 3496 3710 4121 4351 4645 4702 5169 5229 5255 5355 5481 5538 5812 6201 6571 6927
97 139 249 286 418 494 558 664 771 1076 1160 1409 1488 1709 1862 1888 1972 2433 2538 2634 2718 2838 4300 4545 4724 5054 6138 6188 6599 6927
98 457 481 1155 3374 3414 3472 3539 4406 4903 5117 5809 6281 6286 6295 6301 6606 6811 6829 6927
99 147 158 357 455 500 1430 2544 2802 2855 2868 2963 3362 3515 3525 3983 4160 4181 4325 4385 4936 4992 5266 5795 6285 6657 6927
100 149 223 239 1268 2518 2800 4270 5693 5992 6927
101 210 6927
102 168 367 759 907 1215 1627 1628 1778 1954 2627 2895 2913 3239 3831 3988 4141 4147 4537 4815 4954 5012 5303 5533 5628 5878 6095 6140 6927
103 328 5156 6927
104 186 472 2353 2810 3277 3344 4437 4659 4720 4721 5253 5420 5952 6180 6778 6927
105 141 166 307 352 395 434 464 613 787 1464 1536 1750 1786 1864 1935 2183 2545 2796 3008 3031 3197 3507 3626 4134 4389 4494 4821 5369 5379 6090 6102 6805 6903 6927
106 164 172 209 260 273 308 379 387 426 434 516 1356 3464 3686 4940 5925 6034 6139 6392 6887 6927
107 139 319 427 718 813 1055 1112 1321 1407 1534 1727 1745 1782 1914 2035 2155 2250 2559 2576 2675 2846 2869 2956 2994 3238 3338 3371 3656 4027 4085 4326 4631 4690 4878 5061 5229 5316 5633 5636 5903 6113 6230 6322 6927
108 352 381 478 586 1163 2005 2360 2655 4203 5113 5122 5882 6927
109 406 466 4561 5780 5910 6158 6927
110 328 843 977 1205 1360 1417 1563 1842 1884 1885 2153 3618 3675 3880 4064 4102 5065 6355 6927
111 740 2221 3689 6927
112 147 271 1522 1848 2209 2656 2852 3168 3369 3741 5361 5637 6177 6311 6449 6927
113 4689 6221 6927
114 136 186 273 346 374 498 1235 2014 2633 3075 6810 6927
115 184 236 375 463 536 918 1315 1496 3330 4418 5163 6433 6678 6927
116 118 410 653 1287 1630 1743 1924 1949 2211 4043 4895 5448 6174 6927
117 146 454 564 691 1164 2787 4015 5322 5456 5550 6328 6549 6581 6927
118 138 175 213 269 410 430 574 1145 1580 1948 2286 2361 2732 3883 4006 4662 5674 5697 6449 6927
119 397 764 873 2059 3319 3320 4696 5155 5439 5551 6814 6927
120 179 256 322 385 2873 5212 6927
121 386 395 984 1279 2655 4393 4450 5552 6927
122 157 164 190 202 249 303 306 315 358 425 448 450 455 475 827 1291 1608 1665 1696 1766 1819 1845 2088 2323 2380 2387 2460 2520 2612 2828 3038 3132 3937 4013 4442 4897 5060 5411 5437 5570 5714 5755 6075 6162 6412 6927
123 805 807 1685 1738 1792 1815 2329 3300 3465 3486 4261 4680 5084 5094 5134 5492 5868 5931 6276 6513 6608 6866 6927
124 683 787 1564 2215 3012 4077 4208 4220 4491 4787 6927
125 126 159 231 245 271 425 609 841 975 1102 1165 1196 1327 1347 1448 1565 1806 1875 1943 2088 2460 2594 2825 3154 3256 3402 3544 3635 3660 3962 4089 4090 4091 4092 4221 4311 4380 4442 4466 4712 4750 5023 5539 5542 5797 5819 5981 6136 6167 6577
125 6647 6816 6927
126 211 365 438 477 1337 1740 1943 2186 2420 2698 2891 4059 4099 4199 4466 5197 5443 6447 6516 6927
127 147 157 163 176 177 186 226 227 274 288 305 336 338 343 365 380 384 399 406 422 426 434 436 438 475 1069 1173 1214 1293 1340 1619 1937 2062 2064 2142 2634 2704 3016 3353 3404 3668 3752 3797 3856 3899 4267 5307 5424 5584 6026 6290 6346 6467
127 6685 6927
128 293 397 1004 1602 2081 2152 2625 2805 4367 6631 6927
129 6927
130 351 1297 1979 2172 4219 4638 6927
131 138 214 249 2729 2859 6050 6927
132 375 1049 1602 3204 6927
133 139 147 164 333 436 465 471 498 674 781 995 1090 1169 1203 1288 1316 1324 1482 1588 1857 1874 1880 1926 1934 2026 2040 2053 2089 2096 2207 2298 2341 2494 2681 2986 3012 3279 3288 3334 3340 3420 3454 3595 3634 3659 3697 3780 3970 4098 4145
133 4372 4483 4637 4879 4896 4979 5076 5166 5236 5274 5485 5593 5717 5921 6056 6196 6318 6430 6522 6691 6707 6927
134 179 298 3315 6927
135 260 475 745 747 931 1125 1220 4597 5052 5155 5633 5779 6285 6691 6927
136 346 434 496 6927
137 2364 3586 3746 6927
138 153 162 186 214 284 323 445 553 677 729 819 1060 1142 1217 1333 1493 1540 1769 1879 1904 2009 2312 2459 2586 2681 2807 3046 3126 3146 3182 3349 3386 3496 3779 3822 3913 3940 4386 4463 4663 4724 4790 4892 4976 4997 5091 5103 5316 5396 5408
138 5417 5428 5509 5511 5671 5674 5711 5721 5805 5912 6076 6235 6251 6538 6775 6921 6927
139 147 164 249 280 286 333 338 374 385 390 427 434 455 496 571 813 820 908 975 1048 1149 1316 1534 1754 1985 1986 1993 2207 2538 2691 2838 2846 3023 3188 3218 3253 3338 3371 3443 3577 3595 4027 4167 4484 4577 4652 5229 5316 5583 5593 5663 5843
139 5857 5866 5887 6159 6501 6927
140 1505 1803 2601 2604 3051 3592 5043 5522 6927
141 205 385 404 434 965 1168 1305 1386 1871 2280 2355 2655 2805 3777 3868 3882 3954 4389 4854 4914 5416 6102 6249 6360 6746 6805 6927
142 326 364 416 451 485 540 684 1092 1809 2293 2408 3398 3514 4288 4518 4535 4888 4999 5347 5415 5526 6024 6927
143 198 339 6927
144 179 310 339 434 449 2529 2700 3186 3367 3443 3606 4112 4668 4858 4966 5442 5644 5915 6002 6013 6329 6331 6590 6927
145 6927
146 289 351 381 551 962 1068 1175 1310 1465 1944 2476 2567 2765 2787 3451 3472 3508 3567 3900 5199 5479 5776 6544 6705 6927
147 163 164 172 176 179 214 215 249 256 257 271 282 284 286 333 338 368 374 379 381 384 385 412 434 471 475 494 667 747 820 1127 1349 1623 1754 1848 1854 1910 1993 2312 2436 2550 2645 3116 3184 3188 3250 3253 3289 3561 3595 3677 3912 4205 4395
147 4425 4677 4696 4972 5090 5104 5229 5544 5583 5803 6012 6268 6572 6670 6810 6887 6916 6927
148 254 6927
149 221 239 366 459 1365 1687 2636 3495 3700 4426 4610 5373 5527 5668 6741 6927
150 475 484 2000 4305 6927
151 179 256 271 290 310 360 417 958 1411 1510 2819 2906 3081 3151 3530 3660 4221 4307 4451 4908 4932 5155 5287 5360 5414 5630 5867 6019 6100 6680 6927
152 176 298 766 1314 4924 5154 6020 6273 6927
153 368 751 1733 2017 2465 3018 3082 3156 3264 3380 3785 4616 5613 6365 6540 6838 6927
154 203 1666 2112 3090 3435 3615 6927
155 202 263 341 444 466 475 1717 3099 3574 3752 4040 4257 5086 5417 5707 5900 6030 6196 6362 6381 6597 6858 6927
156 507 6048 6784 6927
157 182 196 202 249 250 266 267 303 334 338 348 405 450 762 906 927 1173 1595 1665 1705 1891 1999 2215 2364 3097 3250 3301 3358 3752 3869 4037 4220 4229 4234 4468 4871 4874 5315 5639 5714 5944 6141 6442 6606 6652 6774 6883 6927
158 213 262 305 323 343 589 1392 1560 2304 2576 2612 2799 3002 3418 3458 3518 3826 4130 4358 4587 4914 5067 5192 5266 5517 5582 6504 6556 6665 6927
159 338 436 983 986 1186 1373 1581 1732 1932 2311 2886 3394 3402 3448 3835 3903 3989 4029 4322 4911 5157 5302 5567 5700 5797 6387 6927
160 1326 2368 2614 2738 3092 3629 4068 5230 6065 6267 6529 6806 6927
161 353 2484 2488 2974 4999 5056 5081 5173 5322 5456 6829 6927
162 381 445 661 1333 1431 2076 2202 2223 2471 2604 2924 2965 4216 4316 4325 4355 4418 4632 4734 5172 5176 5196 5386 5407 5688 5731 6061 6550 6927
163 172 176 226 266 267 274 281 374 380 399 494 1072 1173 1477 1732 1855 1882 1916 2061 2252 2722 2989 3222 3404 3752 3856 4340 4877 5249 5307 5315 5334 5424 6442 6671 6800 6927
164 186 200 211 212 249 280 286 314 323 333 334 374 379 385 390 425 426 434 436 445 458 462 476 481 496 498 501 571 968 976 1104 1236 1266 1316 1470 1506 1527 1529 1538 1577 1696 1753 1787 1832 1874 1925 1958 2126 2156 2181 2224 2298 2309 2312
164 2385 2462 2471 2519 2718 2842 2888 2916 2986 3121 3126 3218 3382 3414 3625 3664 3709 3717 3723 3740 3804 3838 3844 3900 3961 4020 4067 4309 4404 4418 4593 4646 4722 4732 4793 4848 4879 4940 5114 5148 5150 5280 5544 5583 5593 5601 5717 5905
164 5943 6057 6252 6392 6459 6579 6659 6672 6703 6727 6751 6763 6770 6831 6927
165 223 255 352 478 1636 2108 2360 2892 3525 4846 5146 5515 6927
166 208 292 319 352 410 413 437 483 597 615 1107 1144 1209 1245 1562 1673 1776 1984 2068 2222 2258 2511 2565 2732 3112 3199 3258 3803 4184 4360 4365 4369 4494 4632 4781 4846 4885 4909 5019 5077 5194 5564 5788 5850 5969 5972 6090 6287 6619 6697
166 6798 6888 6927
167 1413 2578 2998 3089 3568 4618 6927
168 367 1970 6927
169 183 1016 2415 2856 3295 3726 3754 3974 4613 5022 5310 5450 5782 6143 6824 6927
170 632 698 708 711 837 1183 1374 1602 1668 1839 1941 2118 2574 2580 3137 3160 3289 3379 3905 3910 4061 4078 4313 4418 4466 4791 5139 5592 5717 5816 5937 6101 6456 6819 6927
171 472 6927
172 209 260 308 374 397 3686 4940 5646 5925 6927
173 244 638 737 802 1389 1431 2599 3598 4501 4864 5684 5821 5822 6274 6350 6383 6927
174 175 1188 1364 2442 6927
175 184 186 269 310 315 397 398 410 741 906 968 1188 1775 2037 2309 2442 2615 2831 3085 3290 3414 3520 3717 4163 4410 4587 5145 5326 5348 5447 5565 5717 5723 6624 6725 6793 6910 6927
176 226 227 249 253 257 263 274 288 323 336 359 374 380 384 399 458 471 475 494 504 1020 1069 1619 1804 2195 2317 2590 3353 3360 3752 4028 4940 6026 6130 6184 6392 6525 6927
177 260 288 310 338 379 399 426 475 1019 1937 1993 2872 3002 3016 3152 3529 4871 5292 5597 6232 6467 6927
178 246 286 342 395 401 421 441 467 529 1255 1265 1674 2018 2022 2263 3502 3687 4295 4804 4805 5140 5269 6244 6403 6927
179 256 271 286 298 310 315 338 353 360 374 379 397 412 417 426 434 449 453 458 475 1557 1583 2354 2529 3163 3194 3205 3287 3308 3997 4476 4519 4811 4947 5787 6008 6016 6157 6232 6546 6927
180 313 472 4046 4846 6012 6379 6927
181 378 464 488 649 699 1896 2187 2357 2463 2533 2556 2637 2765 2780 2955 2985 3040 3519 3534 3806 3889 4530 5155 5298 5439 5585 5729 5956 6549 6605 6627 6637 6813 6927
182 249 260 348 492 906 1475 1731 3163 3869 5646 6546 6927
183 1907 1975 2324 3773 5381 5504 6927
184 324 397 404 434 496 1220 2732 3515 4641 5061 5082 5083 5470 6927
185 397 673 2254 2557 2699 3153 3886 3947 4007 5543 5930 6158 6474 6792 6927
186 193 196 200 218 226 235 248 266 267 281 311 315 318 323 334 341 373 374 406 407 438 450 466 471 474 475 500 563 571 577 648 652 657 686 688 689 703 735 762 785 814 827 829 835 865 868 906 960 1088 1143 1156 1202 1239 1258 1323 1354 1361 1518
186 1532 1573 1576 1672 1740 1764 1773 1780 1804 1838 1841 1903 1939 1960 1991 1996 1997 2006 2013 2029 2051 2055 2088 2124 2126 2147 2197 2203 2241 2270 2308 2309 2326 2333 2343 2402 2424 2457 2502 2520 2568 2572 2576 2598 2607 2612 2629 2630
186 2704 2754 2762 2766 2777 2780 2803 2821 2831 2862 2865 2894 2902 2916 2917 2934 2939 3010 3042 3047 3057 3086 3096 3139 3147 3158 3175 3176 3223 3236 3263 3328 3348 3355 3384 3424 3427 3440 3450 3479 3483 3504 3511 3517 3526 3555 3657 3669
186 3673 3688 3713 3730 3782 3857 3869 3871 3901 3934 3951 3972 3983 3992 4023 4039 4041 4054 4063 4065 4070 4090 4181 4220 4222 4229 4232 4260 4267 4287 4297 4308 4322 4361 4396 4417 4422 4496 4499 4562 4566 4581 4598 4604 4615 4649 4694 4761
186 4801 4828 4833 4861 4868 4871 4934 4974 4995 5030 5032 5068 5121 5150 5153 5166 5170 5178 5186 5221 5240 5315 5326 5335 5387 5444 5474 5475 5496 5497 5510 5657 5664 5714 5723 5853 5908 5917 5919 5933 5947 5959 5965 5998 6150 6165 6192 6213
186 6218 6248 6251 6316 6319 6362 6375 6432 6442 6449 6535 6556 6560 6567 6571 6578 6589 6595 6603 6629 6700 6713 6735 6753 6761 6793 6807 6848 6858 6908 6927
187 338 385 820 6070 6927
188 446 561 5198 6927
189 196 272 1591 2012 2256 2708 2710 3296 3666 3973 4173 4197 4795 4813 5724 5855 6133 6927
190 6927
191 401 459 804 1126 2058 2439 2971 3181 3398 4099 4285 4302 4466 5206 5308 5880 6927
192 1737 2876 5909 6911 6927
193 5055 6927
194 196 202 272 380 832 1213 1527 1617 1826 1891 1942 2029 2572 2723 2775 3438 4116 4234 4468 5714 6257 6455 6927
195 235 242 1596 5305 6927
196 202 226 272 373 492 514 584 607 979 1002 1404 1407 1466 1467 1527 1704 1826 1891 2052 2088 2144 2215 2342 2343 2489 2561 2572 2710 2721 2736 2766 2775 3042 3062 3403 3585 3607 3766 3827 3909 4047 4116 4125 4234 4309 4468 4614 4703 4795 4813
196 4934 4941 5013 5110 5714 5808 5817 5870 6071 6198 6236 6448 6645 6734 6754 6878 6927
197 200 752 1270 2495 3415 3498 3615 4263 4448 4951 5311 5506 5644 6404 6927
198 230 363 395 6654 6927
199 400 756 3620 3860 4350 6927
200 260 323 376 378 462 475 498 619 803 807 810 883 975 1012 1071 1195 1729 1759 2050 2067 2088 2187 2284 2314 2432 2624 2634 2637 2955 3198 3252 3363 3387 3415 3496 3542 3775 3792 3827 4007 4085 4263 4309 4417 4782 4794 4878 4974 4975 5052 5166
200 5543 5562 5573 5763 5779 5794 6455 6504 6748 6800 6875 6887 6927
201 213 305 589 906 1732 1977 2543 3108 3115 3133 3164 3291 3390 4652 4871 5063 6158 6635 6800 6840 6927
202 267 334 450 475 878 906 1213 1665 1705 1826 1891 2064 2214 2215 2333 2766 2775 2821 2840 3074 3752 3883 4037 4116 4234 4468 4948 5049 5057 5315 5474 5475 5714 6257 6296 6442 6455 6652 6858 6927
203 580 1479 1557 1584 1680 1706 1847 2084 2303 2631 3014 3090 3127 3465 3644 4011 4135 4639 4796 5062 5727 5772 6155 6358 6640 6695 6927
204 349 1040 1928 2832 3289 5898 6553 6927
205 404 531 682 956 965 1017 1168 1320 1476 1827 1846 1976 2392 2499 3220 3721 3932 4044 4080 4914 5086 5493 5555 5637 5854 6354 6704 6927
206 330 338 440 661 1912 2021 3377 6927
207 1050 1250 1400 1610 1730 2685 3667 3736 5258 6927
208 292 333 356 358 368 464 2222 5489 5799 6927
209 273 288 379 779 957 1557 1683 2262 2303 3262 3510 3672 3686 3875 4055 4204 4327 4511 4942 4963 5666 5925 6307 6539 6661 6927
210 344 572 1153 2147 2572 2800 3164 3222 3245 3496 3601 3602 4322 4340 4499 5437 6375 6561 6819 6927
211 445 541 669 834 905 917 953 1179 1239 1242 1258 1321 1334 1577 1667 1729 1830 1917 2034 2046 2251 2267 2279 2393 2422 2440 2472 2475 2563 2592 2733 2767 2782 2785 2816 2845 2877 2916 2928 2940 2944 2947 3043 3060 3118 3128 3236 3306 3442
211 3538 3550 3692 3699 4035 4084 4113 4127 4189 4200 4290 4544 4634 4761 4780 4950 5061 5121 5161 5215 5251 5338 5422 5449 5486 5499 5562 5686 5731 5759 5899 6079 6168 6219 6328 6345 6375 6591 6594 6621 6650 6676 6927
212 445 595 640 961 1018 1230 1243 1344 1495 1601 1693 1930 2023 2105 2508 2837 3167 3342 3356 3382 3516 3743 3849 3930 4658 4800 4819 5380 5501 5653 5725 6424 6533 6927
213 305 466 500 537 582 589 728 867 946 1313 1521 1977 2134 2527 2686 2839 3035 3290 3883 3936 3949 4090 4191 4587 4749 4871 4893 4952 5127 5266 5334 5584 5600 5676 5830 5856 6504 6856 6927
214 249 264 282 1094 1956 2398 2550 2681 3476 3663 3720 4097 4371 4762 5620 6927
215 376 397 428 471 475 1174 1239 1380 1649 2147 2616 2637 2768 2780 3515 3525 3855 4255 4275 4276 4317 4354 4564 4696 4820 4835 5001 5304 5708 5709 5831 6186 6449 6797 6804 6887 6910 6927
216 232 258 743 1091 3920 5790 6008 6016 6927
217 1378 6927
218 249 288 331 573 757 975 1071 1335 1407 1439 1460 1555 1874 1889 2522 2933 2949 2986 2987 3107 3187 3277 3611 3801 3821 3840 3993 4322 4449 4621 4746 5195 5571 5588 5606 6106 6482 6520 6723 6738 6739 6780 6861 6927
219 6927
220 403 409 1325 1410 2331 3039 3640 3839 4656 4664 5294 5641 6716 6927
221 239 828 1647 2072 2507 3071 3407 3408 4088 4986 5489 5832 5837 6148 6193 6422 6493 6927
222 2707 3145 4883 6927
223 352 361 464 787 789 2249 2612 2628 3174 3370 3462 4166 4280 4299 4416 4655 4781 5489 5621 6060 6090 6920 6927
224 2025 6927
225 300 680 889 1171 1843 2795 3274 4122 6820 6927
226 266 267 274 334 336 380 399 422 475 492 494 662 1090 1412 1525 1527 1702 1882 1892 2062 2115 2142 2215 2238 2775 3175 3215 3317 3353 3634 3752 3769 3856 3869 4125 4229 4234 4298 4374 4434 4795 5013 5168 5288 5315 5332 5417 5516 5521 6212
226 6448 6462 6927
227 288 399 1146 1416 1736 1883 2294 2319 2573 3056 3271 3991 4075 4489 4510 4747 4765 5079 5356 5767 6246 6484 6927
228 288 436 614 685 825 894 1106 1166 1203 1253 1415 1514 1515 1526 1639 1787 2004 2005 2109 2129 2231 2431 2556 2609 2849 2888 2890 3063 3089 3148 3149 3191 3234 3414 3519 3552 3608 3908 4567 4588 4752 4771 4773 4856 5044 5184 5280 5523 5838
228 6027 6038 6261 6280 6450 6542 6585 6677 6731 6747 6808 6927
229 2523 3401 3487 3620 3884 6438 6927
230 1937 2634 2720 3430 3899 6460 6927
231 6927
232 233 252 258 403 451 455 596 604 743 791 839 1005 1091 1248 1268 1271 1622 2167 2618 2995 3019 3027 3246 3291 3423 3678 3829 4333 4471 4522 4550 4552 4553 4673 4679 5790 5832 6003 6008 6016 6037 6045 6055 6146 6330 6396 6860 6927
233 6927
234 351 454 480 499 551 842 934 969 1150 1362 1511 1833 2163 2325 2332 2358 2549 2611 2783 2790 2982 3044 3313 3330 3918 3987 4185 4453 4962 5343 5473 5647 5715 5880 6132 6248 6308 6490 6678 6898 6925 6927
235 407 980 3526 3570 5153 5314 5690 6389 6578 6927
236 337 463 625 672 1096 1487 1950 2644 2667 2822 3024 3379 3425 4014 4115 4331 4482 4710 4799 5611 6787 6927
237 305 351 687 958 1246 1301 1304 1537 2213 3049 3329 4014 5150 5365 5423 5426 5513 5554 6927
238 605 742 773 1097 4105 4810 6166 6413 6559 6927
239 446 627 859 928 1268 1583 1674 1814 1867 2072 2617 3028 3071 3193 3216 3480 3502 3820 4269 4270 4353 4986 5000 5999 6001 6005 6055 6144 6312 6422 6927
240 360 1502 3695 5969 6478 6869 6927
241 445 1105 1297 3048 4169 4272 4671 6457 6543 6927
242 341 373 768 1071 1452 1501 1561 1596 2038 2054 2165 2315 2367 2503 2570 2612 2638 2658 4076 4215 4222 4565 4974 5305 5536 5537 5891 5998 6426 6574 6750 6927
243 375 1137 5723 6927
244 6927
245 260 285 310 374 396 411 458 471 1203 1777 1882 1943 2034 2044 3254 3305 3446 4232 4596 4778 4965 4973 5099 5439 6873 6889 6927
246 352 395 401 1268 2072 2514 2684 3146 3828 4172 4368 5687 6143 6206 6332 6833 6927
247 306 326 380 446 481 863 1147 1161 1344 1355 1388 1764 2011 2130 2241 2320 2419 3065 3250 3788 3886 4461 4497 4745 4906 5085 5112 5254 5433 6217 6507 6658 6839 6927
248 249 282 316 548 611 642 976 1114 1274 1330 1398 1441 1559 1577 1581 1652 1691 1771 1823 2033 2233 2530 2572 2901 2936 3006 3184 3363 3662 3670 3723 3747 3822 4435 4444 4507 4548 4595 4733 4818 4848 4941 5188 5505 5541 5627 5834 5907 5976
248 6071 6260 6570 6598 6600 6618 6684 6717 6722 6760 6762 6763 6927
249 250 279 310 338 348 352 379 390 405 436 455 466 494 511 548 716 812 820 836 866 900 906 954 972 1032 1094 1285 1292 1385 1497 1516 1523 1549 1577 1595 1754 1874 1882 1925 1953 1993 2041 2088 2116 2131 2201 2206 2261 2416 2436 2454 2538 2550
249 2651 2778 2935 2947 3126 3184 3188 3250 3253 3470 3530 3580 3622 3643 3645 3723 3728 3745 3756 3781 3804 3823 3869 3874 3945 3963 3995 4033 4114 4131 4274 4282 4310 4594 4666 4830 4978 5123 5160 5222 5372 5544 5546 5578 5583 5596 5804 5872
249 5944 5980 6047 6184 6390 6463 6531 6576 6649 6651 6927
250 338 405 1489 1575 1966 3723 4863 5300 5973 6927
251 326 6927
252 6927
253 288 374 399 458 1203 1336 1717 2101 2161 2758 3020 3387 3528 4648 4826 4940 5074 5280 5703 5869 6667 6927
254 291 1836 1897 3726 3760 4279 4886 5343 6292 6927
255 445 782 945 1142 1637 2985 6927
256 310 338 374 412 417 1306 1463 2873 4254 4876 5787 6008 6546 6927
257 333 338 367 374 396 426 436 458 908 909 1538 1620 1627 2154 2206 2228 2536 2645 2753 3031 3184 3224 3995 4046 4410 4428 4520 4661 4730 4846 4947 4981 5098 5099 5593 5616 5871 5964 6232 6241 6663 6927
258 578 581 772 1328 2703 3499 3943 4751 5034 5301 6142 6849 6915 6927
259 316 423 503 585 952 1194 1375 1689 2501 2526 3432 3471 3531 3605 3763 4053 4057 4265 4760 4816 4913 5319 5389 5580 5680 5846 5949 6258 6517 6644 6901 6927
260 288 308 323 338 359 374 387 399 465 471 475 494 547 622 713 747 1095 1125 1203 1214 2421 2428 2610 2978 3253 3519 4157 4187 4259 4335 4425 4783 5052 5155 5372 5392 5532 5646 5672 5746 5779 5857 5904 6022 6046 6158 6227 6512 6656 6691 6887
260 6927
261 434 472 4884 6927
262 343 579 915 1058 1289 1406 1440 1450 1514 1548 1893 2043 2160 2170 2244 2383 2541 2957 3013 3100 3343 3383 3426 3805 3843 3994 4683 4687 4704 4735 4770 5184 5301 5345 5710 5873 5960 6509 6568 6569 6795 6876 6927
263 274 475 753 868 1085 1172 1214 1656 1765 2064 2158 2789 2791 2960 3068 3254 3395 3466 3519 3679 3967 4028 4439 4585 4622 5024 5802 5879 5900 6225 6346 6686 6927
264 453 465 500 524 2119 2218 2437 3221 3340 4062 4503 4541 5544 5892 5954 6411 6927
265 451 665 847 1135 1992 2575 2798 3265 3737 4754 4937 5106 5322 5441 5773 5926 5993 6328 6927
266 267 274 334 407 494 1082 1708 3317 3501 4229 4891 5136 6278 6462 6927
267 274 334 494 1082 1708 2821 2885 3135 3317 3501 4229 4390 4468 5315 5475 6141 6278 6462 6913 6927
268 300 383 780 853 914 1067 1221 1346 1663 1796 1913 2148 2198 2212 2400 2461 2728 2789 3163 3282 3753 4307 4323 4697 4711 4768 4932 5204 5234 5282 5631 5847 6032 6044 6300 6302 6307 6836 6874 6927
269 352 410 620 1054 4555 6927
270 281 283 491 1399 1408 1456 2047 2612 3109 3705 3795 3847 3889 3891 3959 5622 5966 5967 6172 6519 6714 6718 6733 6752 6764 6865 6927
271 1848 3660 4232 4339 6927
272 607 733 1101 1141 1404 1466 1527 1826 1851 1891 2209 2215 2242 2256 2374 2474 2710 2721 2736 2775 2868 3033 3042 3062 3403 3585 3607 4047 4116 4129 4197 4218 4234 4375 4767 4795 4813 4824 4840 5013 5260 5594 5608 5807 5942 6118 6237 6349
272 6439 6448 6645 6927
273 288 346 374 989 1882 2123 2704 2867 2878 3686 4244 4947 5394 5642 6121 6127 6392 6728 6810 6927
274 323 334 374 399 422 475 494 820 1615 1619 2142 3317 3353 3360 3752 3764 4028 4229 4390 4439 4923 5288 5315 5417 5496 6026 6462 6927
275 725 879 1989 3410 3445 4109 4544 5586 6647 6927
276 963 1083 1261 2208 2302 3984 4198 4344 5728 5914 6423 6927
277 288 363 385 393 395 1025 1447 3456 5455 5720 6927
278 6927
279 1239 4532 6385 6927
280 725 1316 1384 2090 2169 2298 2351 2673 2705 2716 2949 2986 3755 3804 4400 4732 4885 5251 5593 5760 5785 6536 6927
281 283 406 450 491 932 2042 3222 3268 3536 4220 6141 6442 6578 6882 6913 6927
282 286 316 344 379 390 434 548 630 641 746 750 817 923 926 1124 1152 1211 1572 1823 1966 2227 2458 2468 2506 2527 2702 2900 3045 3126 3184 3188 3211 3226 3229 3262 3321 3575 3720 3822 3928 3969 4030 4087 4164 4274 4541 4568 4650 4706 4762 4822
282 4980 5160 5268 5323 5354 5383 5627 6073 6339 6565 6598 6918 6927
283 303 407 491 2042 2534 3501 3604 6141 6622 6865 6882 6927
284 323 434 1606 2145 2284 2537 2758 2860 3656 4158 4164 4363 4878 6402 6927
285 947 1063 1777 1959 2046 3098 3170 3202 3293 3409 3942 4018 4049 5126 5137 5177 5478 5612 5841 6164 6400 6566 6841 6927
286 323 338 359 390 395 412 425 426 436 445 453 471 486 498 588 592 651 679 820 1001 1048 1198 1318 1438 1569 1623 1863 1931 2034 2073 2266 2435 2468 2482 2543 2560 2576 2926 3002 3184 3213 3232 3236 3340 3379 3476 3482 3493 3738 3739 3873 3874
286 3969 4046 4140 4144 4487 4530 4541 4672 4764 4871 4950 4951 4985 5069 5323 5404 5465 5470 5625 5627 5672 6069 6232 6294 6348 6409 6411 6556 6598 6650 6763 6773 6891 6907 6927
287 483 527 721 845 1033 1059 2018 2418 2847 3325 3636 4295 5359 5504 5736 6297 6436 6619 6776 6927
288 340 359 374 417 436 458 897 1538 1882 2123 2231 2581 2758 2867 3076 3234 3414 3469 4540 4856 5280 5455 5672 5779 6027 6031 6123 6265 6392 6597 6881 6927
289 1158 1473 1604 3890 3964 4010 4462 5199 5550 6602 6639 6927
290 417 521 680 922 924 1282 1631 2091 2166 2247 2409 2606 3081 3205 3522 3716 3748 3774 4059 4339 4388 4932 5141 5235 5273 5431 5629 5738 5826 5854 6692 6927
291 457 872 1023 1228 1364 1542 2665 3690 3717 3784 4886 5512 6297 6927
292 352 395 464 2222 3638 6927
293 338 436 488 659 738 820 1004 1005 1123 1343 1621 2057 2749 3309 3566 4112 4137 4230 4519 5765 6009 6028 6072 6189 6409 6842 6907 6927
294 417 840 853 2529 2717 2719 2812 2943 3267 3430 4232 4466 4695 4857 4910 5108 5239 6832 6927
295 407 450 466 2996 3008 3207 6927
296 410 456 6927
297 785 821 1080 1317 1376 1621 1682 1800 1873 2180 3008 3228 3546 4058 4066 4071 4132 4159 4342 4557 4558 4736 5350 5852 6077 6116 6334 6335 6391 6927
298 360 469 869 1992 3102 3965 4535 6029 6283 6830 6927
299 395 509 693 1363 1675 2097 2183 3032 3456 3581 3727 3750 4411 4481 4575 5156 5617 6051 6927
300 355 443 476 1003 1027 1052 1067 1151 1159 1181 1259 1280 1371 1378 1629 1760 1796 1852 1929 2065 2310 2517 2763 3181 3192 3588 3939 4031 4171 4291 4379 4571 5376 5432 5665 5705 5825 5875 5957 5990 6264 6401 6626 6927
301 432 2806 2818 3563 5489 6927
302 655 1254 1632 1850 2396 2467 2508 3397 3407 4399 5132 5434 5670 5767 6191 6667 6927
303 455 2528 2741 2917 3132 4874 5598 6653 6927
304 333 368 462 513 522 566 871 968 1065 1074 1119 1414 1457 1552 1592 1701 1752 1811 1825 1962 2487 2747 3113 3331 3416 3681 3846 4012 4147 4628 4849 4880 4902 4956 5189 5291 5382 5399 5583 5698 5761 5843 5851 5988 6313 6351 6445 6550 6927
305 333 370 373 428 466 500 589 815 816 867 929 1192 1204 1301 1804 1914 1915 1947 2231 2301 2317 2946 3037 3091 3094 3125 3185 3188 3787 3817 3887 3953 4004 4090 4195 4247 4317 4469 4472 4737 4871 4914 4926 4992 5119 5120 5200 5266 5312 5513
305 5575 5589 5678 5795 5845 6161 6483 6488 6674 6708 6856 6927
306 315 318 398 416 434 455 469 472 1133 1777 2453 3054 3250 3278 3724 4906 6245 6615 6688 6927
307 6927
308 6927
309 4697 6927
310 360 397 404 417 458 1658 2637 2838 3791 4876 4908 4932 6476 6556 6693 6927
311 2220 3927 4095 4176 4423 5385 6927
312 360 754 1286 2049 4786 5736 6927
313 329 333 401 478 483 782 851 884 1059 1107 1159 1984 2249 2281 2466 2477 3595 3776 3784 4146 4560 5202 6530 6697 6919 6927
314 379 436 445 490 508 1369 1597 1821 1973 2389 2524 2591 3738 3789 3865 4094 4387 4429 4455 4960 4961 5656 6090 6415 6835 6900 6927
315 318 357 455 619 898 906 1655 2452 3606 4264 4488 4906 4939 5757 5861 6088 6927
316 423 503 521 548 590 610 730 818 922 1030 1085 1206 1300 1579 1805 1824 1951 2010 2017 2121 2190 2200 2447 2458 2497 2966 2991 3021 3022 3261 3346 3467 3578 3725 3731 3966 4060 4074 4541 4740 4790 4852 4889 5011 5046 5237 5281 5422 5627 5751
316 5752 5978 6078 6173 6494 6600 6682 6745 6927
317 413 613 864 1159 1188 1316 1566 2690 3784 3926 4420 4723 5654 6386 6681 6927
318 942 1302 1344 3615 3941 4016 4017 4301 4403 4452 4906 5130 6582 6726 6834 6927
319 370 376 427 434 442 496 515 550 643 714 861 938 997 1055 1379 1550 1593 2193 2248 2260 2296 2300 2306 2344 2377 2565 2569 2678 2732 2855 2868 2910 3162 3168 3189 3515 3616 3665 3855 3861 4160 4175 4195 4278 4325 4517 4633 4832 4887 5077 5246
319 5263 5361 5418 5845 6311 6322 6449 6573 6782 6885 6886 6927
320 321 421 787 1519 2002 2183 2600 2740 3087 3366 3562 3898 4042 4345 4359 4781 4807 4996 5007 5073 5220 5246 5374 5654 5821 6927
321 421 568 787 2162 2600 4917 5015 5374 5419 5865 6927
322 385 395 464 465 2682 3107 3361 4498 6927
323 346 374 378 387 399 475 479 533 612 786 792 1125 1203 1292 1657 2284 2288 2565 2616 2860 3002 3067 3101 3498 3519 3534 3542 3967 4164 4179 4441 4523 4587 4685 4688 4759 4878 4940 4947 4951 5052 5316 5644 5746 5768 5779 6043 6068 6127 6239
323 6269 6367 6392 6887 6926 6927
324 3914 4512 4842 5082 5425 6927
325 366 1138 1556 2175 2687 2875 3117 3680 3832 4853 6927
326 343 364 369 381 415 420 774 886 916 1308 1370 2078 2143 2293 2299 2399 2408 2483 2566 2914 3128 3336 3436 3452 3492 3765 3941 4082 4534 4716 4888 4933 5064 5161 5456 5487 5587 5593 5713 6245 6547 6651 6666 6741 6927
327 723 1170 1257 1494 1710 1807 2101 2178 3015 3117 3313 3617 3996 4136 4206 4242 4592 5182 5320 5806 6064 6427 6927
328 352 385 395 401 452 464 789 994 1741 1899 2369 2813 3590 3652 3749 3778 4154 4295 5175 6110 6927
329 1939 1952 2112 2225 2843 2866 3058 4909 6317 6496 6919 6927
330 440 2255 6927
331 542 757 902 948 982 1103 1106 1454 2121 2335 2516 2532 2784 3876 4262 4282 4418 4464 4603 4724 4827 4946 4968 5017 5143 5577 6526 6927
332 6927
333 356 368 370 395 457 500 513 539 929 959 995 1100 1107 1197 1220 1294 1312 1558 1577 1589 1626 1752 1772 1874 1974 2003 2108 2140 2143 2171 2207 2301 2356 2386 2469 2494 2536 2550 2553 2589 2597 2690 2745 2976 2986 3073 3155 3183 3232 3236
333 3237 3303 3407 3573 3595 3613 3621 3888 3917 3961 3976 4020 4067 4128 4183 4320 4404 4480 4661 4846 4849 4856 4885 4975 5002 5026 5107 5166 5246 5278 5299 5453 5462 5471 5583 5593 5645 5701 5717 5741 5742 5843 5849 5890 5912 6090 6313 6326
333 6328 6437 6489 6502 6523 6606 6673 6679 6708 6813 6822 6863 6927
334 348 407 450 762 906 1213 1665 1705 1997 2001 2215 2821 2840 2881 3122 3135 3222 3752 4220 4468 4586 5288 5315 5475 5714 5802 6141 6442 6913 6927
335 3055 3884 6927
336 357 399 475 504 671 890 1922 2066 2086 4011 4402 4544 5446 6124 6927
337 476 4038 4505 4919 6927
338 350 359 374 375 385 397 405 426 436 453 458 475 479 545 820 1005 1042 1123 1176 1216 1276 1338 1339 1427 1718 1722 1781 1890 1927 2485 2589 2672 2815 3233 3250 3253 3276 3641 3733 3902 4005 4164 4241 4318 4410 4478 4841 5158 5324 5487 5514
338 5553 5574 5651 5753 5768 5857 5871 5977 6070 6120 6121 6179 6184 6557 6563 6663 6765 6927
339 359 452 453 1037 1643 1684 1754 2482 2509 2650 3017 3218 3233 3253 3273 3367 3505 3758 3978 3981 4221 4504 4947 5398 6000 6002 6013 6017 6927
340 436 1258 1538 3076 3234 4974 5280 6927
341 373 407 768 1451 1483 2660 3406 3957 4222 4998 5068 5723 5796 6927
342 1660 1670 2446 6927
343 399 523 619 1281 1808 1901 2216 2568 3036 3631 3668 3935 4142 4358 4600 4825 4851 6220 6353 6927
344 1462 1469 1527 1534 2064 2527 2531 2899 3045 3324 3500 3587 3596 3601 3602 3907 4364 4549 5338 5864 5970 6073 6089 6129 6844 6899 6927
345 352 3524 6927
346 374 376 442 498 938 1056 1545 1715 1724 1739 2513 2689 2732 2868 3742 3759 3855 4160 4263 4635 5190 6322 6443 6724 6781 6782 6885 6927
347 420 469 1167 1252 1267 1703 1714 1982 2133 2220 2816 3059 3105 3230 3698 3845 4290 5926 6428 6724 6812 6893 6927
348 492 762 906 1475 3752 3869 5507 6927
349 419 919 974 1325 1543 1551 1554 1599 3640 3919 4143 4227 4228 4569 5282 5858 5885 6137 6152 6549 6554 6789 6927
350 414 436 475 545 820 860 1339 1427 1546 1718 1927 2485 2589 2815 3276 3735 3761 4410 5247 5264 5317 5514 5574 5651 5753 5792 5943 5978 6185 6557 6563 6579 6765 6824 6927
351 420 710 966 1051 1081 5313 5839 6105 6587 6588 6927
352 381 390 395 402 410 413 437 441 445 464 483 490 539 597 789 882 930 1177 1266 1455 1607 1612 1637 1659 1662 1756 1798 2149 2164 2191 2222 2502 2510 2892 2975 3347 3456 3627 3638 3739 3854 4494 4836 5183 5290 5544 5632 5730 5781 5979 6228
352 6927
353 6927
354 823 2152 2851 3225 3481 5327 5440 6377 6927
355 374 552 583 744 862 1110 1134 1244 1629 1785 2030 2973 3030 3141 3157 3283 3490 3506 3591 3852 4069 4165 4171 4253 4408 4485 4605 4759 4811 4817 5053 5413 5666 5722 5986 6074 6134 6151 6247 6373 6401 6527 6580 6817 6909 6927
356 368 6927
357 500 619 1828 1914 2203 2348 2349 2544 3147 3362 3983 4148 4181 4273 4376 5077 5181 5504 5564 5840 5947 6449 6927
358 425 445 490 1057 1296 4240 4953 5936 5940 6111 6112 6572 6619 6927
359 374 458 475 1129 1977 2482 3153 3758 3824 3968 4080 5557 6556 6800 6891 6927
360 701 953 991 2726 2838 3374 4531 5498 6609 6927
361 421 446 467 787 2985 4495 5362 5818 5821 5962 6399 6927
362 426 427 434 526 1010 1677 2373 3560 4355 4477 4686 5014 5033 5038 5039 5059 5061 5635 6371 6927
363 393 395 693 1500 3197 3210 3272 4266 4473 5623 6927
364 420 4251 5004 6084 6324 6328 6927
365 399 438 1111 1590 1761 2979 3729 4199 4233 4660 6380 6712 6927
366 367 434 449 457 459 472 477 488 596 684 788 1212 2641 2646 2688 2845 3066 3597 3864 3979 4243 4677 4924 4949 5070 5101 5963 6014 6015 6040 6114 6846 6896 6927
367 732 848 1283 1394 1627 1628 2154 2805 2908 2913 3848 4046 4398 4763 5219 5604 6241 6614 6710 6927
368 494 1486 1653 2135 3400 3521 3612 4912 4928 5226 5583 6153 6838 6927
369 2336 2800 4100 4178 4443 4907 4932 5142 5191 5459 6788 6927
370 373 446 457 500 913 929 1134 1135 1294 1432 1558 1775 1987 2095 2140 2301 2613 3037 3247 3407 4212 4271 4684 4856 5845 5849 6103 6378 6630 6708 6927
371 6927
372 483 1047 1093 2234 2264 2444 6927
373 407 500 929 1303 1316 1367 1632 2181 2231 2326 2502 2648 2660 2690 3094 3406 3422 4021 4093 4222 4314 4366 4901 4905 4998 5068 5072 5162 5256 6454 6927
374 397 399 412 436 458 465 470 471 475 496 498 792 989 1229 1336 1545 1644 1715 1882 1916 2193 2218 2235 2397 2495 2496 2513 2624 2645 2758 2868 2983 3498 3542 3686 4027 4164 4425 4441 4475 4759 4776 4878 4940 4947 4951 5096 5280 5360 5394 5455
374 5545 5646 5666 5677 5703 5984 6046 6067 6123 6127 6231 6232 6239 6373 6392 6421 6693 6728 6810 6887 6927
375 463 565 802 1602 2027 2693 2760 3080 3136 3140 3212 3412 3588 3641 4002 4436 4485 4601 4645 4812 5109 5513 5592 5689 6632 6912 6927
376 428 442 975 1357 1359 1380 1545 1669 1678 1724 1739 1804 1856 2193 2237 2296 2377 2525 2551 2565 2587 2605 2680 2715 2732 2780 2868 2954 3168 3496 3525 3855 4160 4175 4263 4306 4950 5077 5159 5418 5556 5786 6322 6398 6449 6910 6927
377 1068 1618 4305 6497 6587 6922 6927
378 619 803 837 1909 2079 2481 2590 2780 3519 4085 4202 4890 5181 6927
379 427 434 436 445 481 1247 2473 3439 3530 3616 3709 4131 4940 5292 6392 6576 6927
380 399 406 475 600 710 1349 2291 2321 2345 2958 3061 3079 3812 3886 3938 4209 4728 4877 5254 5400 5584 5767 5901 6758 6826 6856 6864 6927
381 401 419 445 517 594 892 950 967 1053 1142 1199 1232 1244 1391 1465 1562 1594 1664 1798 1854 1944 1994 2136 2268 2289 2316 2330 2331 2362 2746 2765 2787 2801 2914 3093 3116 3131 3181 3195 3299 3341 3472 3640 3732 3866 3870 3975 4015 4064 4133
381 4190 4238 4321 4338 4892 4900 5005 5031 5093 5184 5233 5306 5679 5691 5815 5912 5929 6042 6081 6149 6243 6289 6352 6757 6927
382 462 1251 1681 2925 4902 5025 5193 5272 6498 6927
383 417 801 940 992 1474 1553 3163 3379 4291 4945 4955 5075 5214 5282 5847 5848 6336 6416 6508 6845 6927
384 455 558 1069 1094 1993 2231 6123 6321 6927
385 395 401 445 458 462 464 467 475 1025 1262 1449 2621 2640 2655 2776 3456 3591 4167 4850 5106 5430 6012 6159 6234 6927
386 4003 4544 5640 6927
387 1318 1638 1835 2111 2186 2698 2823 3120 4623 4797 5295 5412 5904 6479 6847 6870 6927
388 431 483 644 1046 1308 1971 2206 3149 3310 4389 4970 5131 6275 6927
389 616 761 789 3626 6786 6927
390 434 455 466 471 543 575 611 646 690 746 877 926 973 1072 1095 1124 1127 1197 1385 1606 1638 1835 1849 1926 1993 2103 2206 2550 2681 2830 2858 3001 3121 3184 3226 3229 3231 3236 3575 3822 3969 4030 4205 4541 4568 4688 4729 4730 4762 4790 4852
390 4869 4938 4947 4977 5048 5149 5216 5222 5270 5281 5285 5300 5470 5544 5581 5583 5632 5748 5819 5853 5904 5944 5971 6119 6343 6565 6598 6683 6815 6825 6879 6918 6927
391 623 656 660 806 855 981 987 1227 1353 1503 1611 1829 1983 1995 2056 2085 2150 2239 2273 2366 2394 2547 2632 2695 2711 2771 2874 2903 2993 3083 3178 3449 3455 3485 3671 3772 3818 3834 3863 3878 4286 4409 4424 4572 4591 4629 4692 4726 4748
391 4927 4964 5297 5460 5649 5754 5985 6063 6698 6779 6927
392 401 463 467 468 668 911 912 933 944 1131 1269 1381 1801 1817 1858 1859 2028 2194 2755 2773 2880 2973 3255 3489 3527 3651 3714 3867 3999 4056 4139 4177 4250 4312 4494 4526 4527 4718 4898 4909 5491 5722 5924 6066 6163 6604 6910 6914 6927
393 395 6927
394 6927
395 426 434 441 458 558 887 1294 1363 1686 1967 2097 3031 3318 3456 5156 6927
396 411 458 726 6927
397 398 404 428 436 1034 1123 1746 1870 1882 2405 3002 3186 3430 3553 4019 4899 4908 5360 5371 5915 6395 6467 6514 6665 6693 6887 6927
398 436 1042 2625 3085 3375 3757 5915 6572 6927
399 406 422 426 434 438 475 494 899 1293 1322 1517 1619 1937 2064 2142 2585 2634 2704 3016 3353 3668 3752 3797 3802 3856 4116 4267 5151 5307 5334 5466 5584 5767 6129 6467 6927
400 700 1042 2125 3293 3582 3628 5682 6233 6927
401 421 457 467 603 775 838 846 1006 1008 1015 1031 1219 1222 1364 1390 1492 1810 1818 2108 2217 2445 2456 2533 2582 2661 3210 3654 3674 3784 4050 4302 4337 4466 4494 4560 4792 4904 5205 5206 5252 5435 5445 5650 5771 6243 6263 6297 6314 6431
401 6486 6655 6668 6709 6827 6831 6927
402 1351 2443 2694 2953 4789 6646 6927
403 409 419 1232 2521 2574 3002 3259 3461 4312 4569 4934 5067 5463 5484 6729 6927
404 975 1229 1295 1349 1386 1982 2334 2954 3124 3287 3385 3518 4106 4898 5192 5241 5876 6693 6927
405 624 712 746 1341 2016 2458 2552 3180 3231 3301 3358 4087 4487 4631 4784 4977 5006 5819 6033 6197 6338 6339 6340 6414 6598 6918 6927
406 1290 1755 2173 2460 3222 3536 3752 6362 6927
407 450 466 497 906 1603 1764 1981 1997 2042 2814 2821 3350 3517 4065 4090 4222 4284 4422 4446 4604 5315 5497 5732 5908 6203 6500 6578 6858 6927
408 778 1535 5223 6927
409 888 1232 1699 2278 2331 3576 3919 4119 4859 6010 6453 6927
410 445 456 490 1054 1533 1775 1939 1940 2471 2929 2981 3623 3717 3718 3837 4194 4319 4325 4555 4701 5623 6224 6320 6725 6927
411 726 1499 1578 2313 2622 2961 4456 4500 4574 5902 6087 6927
412 455 494 876 1069 1316 1574 1993 2116 2226 2426 2820 3218 3253 3677 3968 3981 4278 4300 4542 5090 5461 5557 6006 6268 6548 6601 6670 6927
413 453 613 720 755 998 1187 1299 1366 1536 1634 1700 1868 1984 2192 2388 2414 2645 2964 3595 3609 3719 3739 3967 3980 4207 4266 4294 4310 4387 4758 4798 4978 5027 5183 5217 5275 5560 5705 5781 5913 5989 6023 6205 6297 6322 6473 6619 6634 6749
413 6798 6855 6927
414 917 1530 2077 2168 2230 2350 2724 2750 3771 5624 5792 6492 6927
415 419 557 569 711 1070 1106 1844 1893 1900 1921 2071 2100 2143 2608 2697 2765 2967 3235 3323 4196 4315 4725 4785 4958 5081 5161 5199 5296 5336 5487 5579 5655 5718 5769 5896 5974 6093 6927
416 445 451 482 485 570 596 710 727 1099 1148 1241 1370 1387 1433 1453 1716 1777 1797 1872 2031 2196 2490 2548 3026 3054 3105 3704 3711 4161 4290 4341 4357 4418 4440 4619 4803 4918 5137 5322 5397 5456 5520 5685 5734 5823 5884 6052 6245 6255 6328
416 6453 6741 6831 6893 6927
417 433 436 521 631 680 793 795 801 852 893 922 1038 1061 1190 1263 1282 1423 1463 1510 1557 1558 1631 1698 1757 1776 1794 1865 1869 1870 1886 1913 1961 2066 2148 2166 2198 2212 2229 2245 2247 2265 2363 2390 2404 2409 2412 2417 2429 2455 2464
417 2571 2606 2652 2679 2719 2727 2801 2835 2863 2864 2884 2931 2959 2960 2968 2990 2999 3072 3081 3114 3161 3163 3172 3205 3251 3267 3437 3444 3463 3548 3549 3589 3594 3646 3647 3660 3716 3774 3830 3881 3893 3952 4009 4019 4051 4110 4221 4254
417 4256 4304 4307 4388 4499 4515 4559 4642 4791 4839 4872 4984 5102 5218 5238 5273 5328 5398 5429 5439 5548 5559 5599 5618 5764 5787 5801 5826 5842 5854 5881 5886 5890 5938 6018 6128 6157 6204 6211 6242 6269 6277 6347 6374 6394 6451 6534 6539
417 6690 6692 6828 6836 6892 6927
418 664 6927
419 557 748 950 1223 1232 1368 1395 1471 1690 1844 1900 1908 2024 2069 2100 2289 2316 2667 2670 2774 2871 3100 3123 3339 3762 4123 4413 4742 4892 5125 5206 5208 5572 6081 6446 6554 6616 6837 6841 6927
420 602 639 691 758 1097 1308 1342 1520 1616 1695 1770 1931 2007 2039 2083 2143 2408 2546 2562 2619 2744 3637 3786 3965 4248 4370 4407 4459 4644 4716 5064 5220 5734 5897 6084 6194 6357 6453 6756 6927
421 441 467 787 999 1265 2022 2692 2844 3630 4295 4524 4705 5265 5374 5821 6297 6436 6927
422 1311 1732 2984 3856 4847 5828 6481 6518 6927
423 503 854 901 1918 2501 2526 2577 2969 3345 4265 4760 5100 5615 5800 5920 6058 6545 6689 6905 6927
424 439 702 767 1272 2128 3219 3775 4419 4525 4823 5207 6711 6927
425 445 997 1197 1696 1943 2882 3004 3041 3405 4126 4382 4582 4654 5714 5860 5941 6572 6584 6927
426 434 436 458 953 1198 1882 2284 2550 2560 3213 3253 3379 4520 5155 5672 6126 6927
427 683 723 1141 1600 2155 2373 2962 3327 3560 4079 4195 4477 4915 5061 5361 5368 5634 5635 5951 6322 6369 6371 6927
428 475 686 858 1084 1113 1174 1249 2147 2237 2304 2395 2525 2551 2616 2637 3052 3411 3661 4263 4317 4509 4564 4743 4866 5124 5304 5544 5706 5712 6223 6405 6449 6504 6927
429 3417 4474 4570 6054 6499 6927
430 6927
431 2206 2642 4210 4834 4882 6687 6927
432 2818 5489 6927
433 1105 2870 6927
434 442 445 457 458 472 496 505 887 1896 2986 3313 4641 6102 6927
435 1064 2259 2272 2861 3419 3557 3825 3998 5454 5923 6586 6927
436 445 458 465 471 486 494 498 500 651 887 920 1072 1108 1115 1120 1235 1316 1426 1529 2502 3278 3313 3340 3564 3874 3976 4164 4274 4282 4626 4722 4846 4848 4856 4878 4978 5151 5160 5166 5280 5561 5627 5827 6069 6070 6123 6184 6241 6649 6650
436 6659 6927
437 6927
438 593 599 1323 2904 4023 4199 6648 6927
439 635 1585 5946 6927
440 837 1388 2255 2285 2676 3244 4239 6003 6927
441 467 775 887 2022 4392 5156 5445 6175 6796 6927
442 619 643 686 714 722 724 988 1020 1024 1075 1197 1357 1359 1437 1545 1713 1726 1804 1957 2095 2240 2269 2478 2492 2678 2732 2868 2910 2993 3119 3162 3418 3515 3525 3572 3855 4032 4130 4152 4156 4263 4325 4620 5077 5190 5263 5333 5378 5418
442 5503 5833 5845 5934 6097 6147 6190 6270 6311 6322 6418 6449 6521 6523 6524 6768 6782 6885 6927
443 474 1218 2829 3144 4038 4291 5008 5242 5403 5723 6226 6300 6927
444 906 1086 2115 3077 3583 3752 4877 5144 5427 6183 6772 6927
445 446 457 534 917 1207 1297 1333 1344 1372 1799 1955 2008 2172 2450 2451 2604 2653 2657 2718 2836 2918 3190 3208 3260 3768 3784 3911 4081 4325 4355 4418 4513 4544 4606 4739 5071 5196 5318 5386 5391 5407 5528 5733 5994 6079 6279 6927
446 544 561 661 787 1193 1344 1568 1790 2031 2092 2401 2725 2847 3018 4538 5018 5692 5693 5695 5736 5950 5961 5979 6356 6366 6487 6496 6511 6783 6927
447 498 695 1211 1522 1894 1910 2124 2231 3150 4987 5587 6259 6927
448 455 1442 3960 4554 6927
449 452 472 2731 3194 5101 6927
450 827 878 1665 1705 1999 2215 2881 3038 3752 4871 5315 5714 5744 6342 6442 6652 6858 6927
451 482 485 791 1387 1716 1749 1777 1992 2098 2276 2911 3333 3365 4112 4155 4888 5293 5520 5774 6255 6328 6927
452 472 495 6927
453 696 1292 2073 2119 2176 2274 2378 2468 2504 2645 2663 3126 3221 3585 3770 3982 3997 4162 4417 4541 4568 4947 5275 5323 5553 5663 5927 5955 6070 6232 6384 6927
454 472 2082 2083 2546 2788 2834 3196 3230 4453 4883 5138 5199 5409 5425 5456 5480 6049 6438 6925 6927
455 475 500 558 827 1358 1641 1766 1993 2195 2520 2528 2793 3132 3460 4394 4777 4897 5553 5861 5996 6410 6495 6927
456 457 6927
457 472 500 560 1026 1062 1200 1812 1978 2381 2613 3054 3217 3407 3591 4401 4470 4856 5179 5248 5325 5352 5849 6606 6927
458 471 475 1240 1336 1546 1640 2206 2227 2280 2352 2589 2645 2853 3031 3159 3180 3184 3213 3224 3253 3723 3995 3997 4487 4539 4568 4730 4733 4764 4811 4846 4848 4863 4940 4947 4994 5066 5280 5351 5452 5871 5958 5964 6232 6392 6598 6927
459 472 488 489 1637 2805 3298 3378 3985 4377 5185 6927
460 659 804 996 1405 1478 1831 2087 2412 2794 2906 3151 3282 3569 3851 4024 4225 4373 4414 4519 5483 5495 5650 5726 6011 6025 6337 6927
461 824 1169 3205 4254 4768 6425 6790 6924 6927
462 871 1071 1506 1650 2010 2271 2471 2502 4722 4756 4808 4902 5164 5189 5667 5777 6794 6927
463 468 831 991 1383 1511 1651 1941 2232 2950 3050 3359 3682 3683 4121 4638 4788 4944 5111 5605 6082 6201 6506 6558 6927
464 613 789 1028 1675 1719 1741 1864 1896 2183 3031 4107 4124 4266 4283 4479 5041 5863 6785 6927
465 498 524 1079 1120 1426 1577 2231 2921 3213 3340 3561 4236 4425 4675 5026 5661 6348 6368 6411 6927
466 584 589 641 810 970 975 1220 1739 1794 2147 2187 2498 2576 2634 2637 2647 2824 2850 2984 3088 3877 4085 4117 4213 4358 4809 4871 5086 5124 5437 5544 5584 5780 5786 6158 6429 6504 6665 6927
467 797 822 999 1220 1226 1513 2022 2448 2640 2779 3459 3712 4250 4295 4348 4389 5357 5374 5935 6104 6143 6297 6403 6419 6471 6927
468 2107 2880 3650 3651 3999 5924 6914 6927
469 488 936 1063 1624 1628 1749 1809 2748 3026 3354 3533 3724 3965 4155 4182 4398 4535 5322 5619 5835 6055 6253 6854 6927
470 494 633 850 1122 1348 1402 1422 1767 1919 2060 2423 3231 3372 3391 3429 3904 3916 4211 4490 4521 4580 4699 4772 4837 5047 5393 5458 5508 5877 5916 6069 6200 6315 6541 6636 6736 6927
471 475 494 498 549 1090 1203 1239 1882 2034 2089 2341 2474 2550 2645 2768 2905 3165 3287 3305 4174 4232 4374 4375 4381 4691 4733 4746 4778 4848 4965 4982 5074 5241 5439 5627 5836 5965 6440 6873 6927
472 617 790 1661 1758 1938 3398 4048 4999 5070 5438 6927
473 3784 6927
474 971 1218 2503 3236 3883 4499 4934 5068 5702 5723 6583 6791 6927
475 479 634 658 719 803 827 856 874 1039 1066 1085 1130 1307 1349 1407 1491 1712 1748 1765 1877 1887 1933 1986 2050 2182 2402 2637 2970 2992 3068 3084 3115 3139 3209 3248 3284 3395 3474 3476 3494 3500 3513 3519 3691 3850 4022 4024 4059 4085 4245
475 4298 4303 4306 4439 4551 4870 4878 4897 4991 5105 5364 5394 5424 5472 5658 5672 5784 5798 5803 5813 6004 6021 6145 6154 6202 6212 6284 6299 6362 6393 6398 6663 6693 6823 6824 6927
476 501 734 896 1003 1132 2019 2305 2988 3368 3569 3676 3922 4186 4252 4277 4466 4717 5467 5468 5740 5874 5875 6435 6555 6927
477 1458 2058 2132 2391 2420 3003 3169 3200 3399 3543 3986 4099 4302 4332 4334 4924 5276 5880 6254 6660 6701 6706 6894 6927
478 851 937 1107 1273 1278 1485 2360 2661 2892 3571 3807 4223 4412 4602 4843 5283 5939 6297 6397 6927
479 530 820 1927 2020 2318 3233 3376 3565 3566 4164 5768 5911 6184 6216 6557 6579 6927
480 499 2734 5464 6927
481 496 510 717 763 783 903 968 1087 1220 1247 1638 1725 1836 1866 2205 2385 2626 2660 2879 2887 3069 3203 3442 3584 3610 3614 3624 3862 3946 4020 4563 4589 4769 4879 4903 5122 5309 5470 5513 5583 5717 5809 6160 6171 6271 6282 6291 6293 6303
481 6305 6313 6593 6613 6927
482 485 1097 1098 1284 2479 2602 2927 3104 3257 3619 4324 4329 4535 4918 5395 5397 5520 5739 6255 6799 6927
483 1245 1364 2466 2841 4781 4882 5248 6697 6927
484 3240 4731 6927
485 776 791 1097 1148 1252 1613 1749 2493 2759 2811 3333 3365 4155 4324 4535 4715 4845 4983 4999 5293 5337 6741 6927
486 6927
487 520 538 1013 1260 1425 1789 2430 3430 3658 4430 4433 4460 4669 5036 5040 5087 5549 5793 6449 6927
488 1036 1626 2157 2512 2596 2765 3177 4243 4647 4954 5089 5377 5451 6114 6182 6328 6408 6927
489 990 1512 1864 2545 3166 3242 5201 6927
490 770 857 1973 3532 3551 3717 5565 5656 5730 5791 6062 6224 6415 6927
491 494 1408 1434 1435 1436 1445 2045 2534 2948 3540 3706 3796 3798 3799 3811 3813 3814 3889 3894 3959 4167 4682 5622 5966 5967 6059 6141 6461 6465 6472 6480 6622 6686 6715 6732 6737 6752 6764 6766 6853 6865 6877 6880 6890 6927
492 875 906 2215 2775 4125 4234 4646 6448 6927
493 784 972 1911 2671 3179 3642 4383 6662 6664 6927
494 705 808 929 1009 1090 1349 1412 1507 1679 1927 1945 2124 2203 2400 2449 2550 2718 2905 3110 3236 3317 3421 3521 3537 3561 3634 3684 3842 3896 3950 3958 4025 4111 4168 4220 4300 4374 4425 4427 4457 4542 4599 4691 4746 4762 4925 5050 5262 5353
494 5360 5367 5390 5417 5525 5578 5602 5625 5627 5750 5802 5814 5998 6153 6208 6370 6462 6510 6611 6764 6810 6927
495 1567 5261 6592 6927
496 706 783 794 870 1220 1239 1851 1856 3070 3616 4214 4325 4633 4867 5061 5750 6322 6730 6927
497 512 906 1022 1468 2063 2117 2290 2307 2821 2838 3906 5068 5116 5213 5530 6503 6620 6691 6927
498 588 809 885 1203 1529 1577 1732 1783 1802 1820 1861 1882 2017 2033 2266 2515 2620 2635 2868 3173 3206 3287 3291 3500 3738 3833 3881 3976 4153 4162 4296 4487 4587 4653 4873 4885 5155 5249 5360 5390 5417 5470 5544 5576 5975 6256 6607 6743 6918
498 6927
499 1329 1465 1528 2734 2756 3095 3307 3545 3783 4454 4959 5894 6596 6927
500 589 715 929 1180 1319 1358 1547 1642 1878 1914 1977 1987 2231 2301 2613 2752 2793 3035 3094 3340 3407 3856 3887 4045 4352 4366 4547 4777 4802 4856 4914 5068 5086 5162 5277 5280 5315 5334 5476 5504 5741 5849 5861 5869 5889 5954 6092 6099 6125
500 6411 6488 6562 6705 6856 6904 6927
501 704 976 1012 1753 1816 1927 1988 2539 2589 3281 4374 4706 4724 4862 4921 5591 5908 5978 6106 6763 6927
502 2025 3927 4881 5488 6428 6927
503 730 818 1030 1043 1401 1459 1490 1509 1769 1805 1951 2075 2141 2190 2359 2470 2491 3022 3201 3467 3497 3508 3578 3888 3977 4060 4087 4114 4362 4790 4860 4889 5118 5366 5609 6098 6266 6306 6382 6682 6696 6927
504 1277 1310 2104 2199 2319 2413 2792 3053 3874 4231 5114 5756 5810 6927
505 2434 2674 3275 3314 3558 3922 4081 5456 5871 6927
506 4755 6927
507 626 2275 5279 6927
